H_TOP	NewPlane7             0.000      0.000     -0.170     -0.170      0.000
H_TOP1	NewPlane7            -0.000     -0.000      0.004      0.004      0.000
H_TOP2	NewPlane7             0.000      0.000     -0.037     -0.037      0.000
H_TOP3           NewPlane7             0.000      0.000     -0.043     -0.043      0.000
H_TOP4           NewPlane7             0.000      0.000     -0.075     -0.075      0.000
H_TOP7           NewPlane7             0.000      0.000     -0.025     -0.025      0.000
H_TOP8           NewPlane7             0.000      0.000     -0.056     -0.056      0.000
H_TOP9           NewPlane7             0.000      0.000     -0.002     -0.002      0.000
H_TOP10          NewPlane7             0.000      0.000     -0.014     -0.014      0.000
H_TOP11          NewPlane7            -0.000     -0.000      0.006      0.006      0.000
H_TOP12          NewPlane7             0.000      0.000     -0.091     -0.091      0.000
H_TOP13          NewPlane7             0.000      0.000     -0.086     -0.086      0.000
H_TOP14          NewPlane7            -0.000     -0.000      0.021      0.021      0.000
H_TOP15          NewPlane7             0.000      0.000     -0.105     -0.105      0.000
H_TOP16          NewPlane7            -0.000     -0.000      0.048      0.048      0.000
H_TOP17          NewPlane7             0.000      0.000     -0.014     -0.014      0.000
H_TOP18          NewPlane7             0.000      0.000     -0.055     -0.055      0.000
H_TOP19          NewPlane7            -0.000     -0.000      0.002      0.002      0.000
H_TOP20          NewPlane7             0.000      0.000     -0.021     -0.021      0.000
H_TOP21          NewPlane7            -0.000     -0.000      0.085      0.085      0.000
H_TOP22          NewPlane7             0.000      0.000     -0.061     -0.061      0.000
H_TOP23          NewPlane7            -0.000     -0.000      0.023      0.023      0.000
H_TOP24          NewPlane7             0.000      0.000     -0.011     -0.011      0.000
H_TOP25          NewPlane7            -0.000     -0.000      0.205      0.205      0.000
H_TOP26          NewPlane7            -0.000     -0.000      0.020      0.020      0.000
H_TOP27          NewPlane7            -0.000     -0.000      0.107      0.107      0.000
H_TOP28          NewPlane7            -0.000     -0.000      0.125      0.125      0.000
H_TOP29          NewPlane7             0.000      0.000     -0.149     -0.149      0.000
H_TOP30          NewPlane7            -0.000     -0.000      0.043      0.043      0.000
H_TOP31          NewPlane7             0.000      0.000     -0.004     -0.004      0.000
H_TOP32          NewPlane7            -0.000     -0.000      0.012      0.012      0.000
H_TOP33          NewPlane7            -0.000     -0.000      0.008      0.008      0.000
H_TOP34          NewPlane7             0.000      0.000     -0.046     -0.046      0.000
H_TOP35          NewPlane7            -0.000     -0.000      0.059      0.059      0.000
H_TOP36          NewPlane7             0.000      0.000     -0.007     -0.007      0.000
H_TOP37          NewPlane7            -0.000     -0.000      0.050      0.050      0.000
H_TOP38          NewPlane7            -0.000     -0.000      0.074      0.074      0.000
H_TOP39          NewPlane7            -0.000     -0.000      0.030      0.030      0.000
H_TOP40          NewPlane7            -0.000     -0.000      0.064      0.064      0.000
H_TOP41          NewPlane7            -0.000     -0.000      0.086      0.086      0.000
H_TOP42          NewPlane7             0.000      0.000     -0.009     -0.009      0.000
H_TOP43          NewPlane7            -0.000     -0.000      0.079      0.079      0.000
H_TOP44          NewPlane7            -0.000     -0.000      0.037      0.037      0.000
H_TOP46          NewPlane7             0.000      0.000     -0.016     -0.016      0.000
H_TOP47          NewPlane7             0.000      0.000     -0.050     -0.050      0.000
H_TOP48          NewPlane7             0.000      0.000     -0.030     -0.030      0.000
H_TOP49          NewPlane7             0.000      0.000     -0.075     -0.075      0.000
H_TOP50          NewPlane7             0.000      0.000     -0.050     -0.050      0.000
H_TOP51          NewPlane7            -0.000     -0.000      0.004      0.004      0.000
H_TOP52          NewPlane7            -0.000     -0.000      0.020      0.020      0.000
H_TOP53          NewPlane7            -0.000     -0.000      0.032      0.032      0.000
H_TOP54          NewPlane7            -0.000     -0.000      0.018      0.018      0.000
H_TOP55          NewPlane7             0.000      0.000     -0.036     -0.036      0.000
H_TOP56          NewPlane7             0.000      0.000     -0.053     -0.053      0.000
H_TOP57          NewPlane7            -0.000     -0.000      0.063      0.063      0.000
H_TOP58          NewPlane7             0.000      0.000     -0.060     -0.060      0.000
H_TOP59          NewPlane7            -0.000     -0.000      0.070      0.070      0.000
H_TOP60          NewPlane7            -0.000     -0.000      0.059      0.059      0.000
H_TOP61          NewPlane7             0.000      0.000     -0.024     -0.024      0.000
H_TOP62          NewPlane7             0.000      0.000     -0.034     -0.034      0.000
H_TOP63          NewPlane7            -0.000     -0.000      0.056      0.056      0.000
H_TOP64          NewPlane7            -0.000     -0.000      0.088      0.088      0.000
H_TOP65          NewPlane7             0.000      0.000     -0.023     -0.023      0.000
H_TOP66          NewPlane7            -0.000     -0.000      0.073      0.073      0.000
H_TOP67          NewPlane7            -0.000     -0.000      0.027      0.027      0.000
H_TOP68          NewPlane7            -0.000     -0.000      0.047      0.047      0.000
H_TOP69          NewPlane7            -0.000     -0.000      0.045      0.045      0.000
H_TOP70          NewPlane7            -0.000     -0.000      0.057      0.057      0.000
H_TOP71          NewPlane7            -0.000     -0.000      0.123      0.123      0.000
H_TOP72          NewPlane7             0.000      0.000     -0.043     -0.043      0.000
H_TOP73          NewPlane7            -0.000     -0.000      0.032      0.032      0.000
H_TOP74          NewPlane7             0.000      0.000     -0.090     -0.090      0.000
H_TOP75          NewPlane7             0.000      0.000     -0.047     -0.047      0.000
H_TOP76          NewPlane7            -0.000     -0.000      0.065      0.065      0.000
H_TOP77          NewPlane7             0.000      0.000     -0.038     -0.038      0.000
H_TOP78          NewPlane7             0.000      0.000     -0.032     -0.032      0.000
H_TOP79          NewPlane7            -0.000     -0.000      0.009      0.009      0.000
H_TOP80          NewPlane7             0.000      0.000     -0.020     -0.020      0.000
H_TOP81          NewPlane7             0.000      0.000     -0.045     -0.045      0.000
H_TOP82          NewPlane7            -0.000     -0.000      0.017      0.017      0.000
H_TOP83          NewPlane7            -0.000     -0.000      0.059      0.059      0.000
H_TOP84          NewPlane7             0.000      0.000     -0.011     -0.011      0.000
H_TOP85          NewPlane7             0.000      0.000     -0.026     -0.026      0.000
H_TOP86          NewPlane7            -0.000     -0.000      0.007      0.007      0.000
H_TOP87          NewPlane7            -0.000     -0.000      0.041      0.041      0.000
H_TOP91          NewPlane7             0.000      0.000     -0.100     -0.100      0.000
H_TOP92          NewPlane7             0.000      0.000     -0.054     -0.054      0.000
H_TOP93          NewPlane7             0.000      0.000     -0.022     -0.022      0.000
H_TOP94          NewPlane7             0.000      0.000     -0.055     -0.055      0.000
H_TOP95          NewPlane7             0.000      0.000     -0.071     -0.071      0.000
H_TOP96          NewPlane7            -0.000     -0.000      0.020      0.020      0.000
H_TOP97          NewPlane7            -0.000     -0.000      0.032      0.032      0.000
H_TOP98          NewPlane7             0.000      0.000     -0.007     -0.007      0.000
H_TOP99          NewPlane7            -0.000     -0.000      0.033      0.033      0.000
H_TOP100         NewPlane7            -0.000     -0.000      0.063      0.063      0.000
H_TOP101         NewPlane7            -0.000     -0.000      0.062      0.062      0.000
H_TOP102         NewPlane7             0.000      0.000     -0.015     -0.015      0.000
H_TOP103         NewPlane7            -0.000     -0.000      0.086      0.086      0.000
H_TOP104         NewPlane7             0.000      0.000     -0.047     -0.047      0.000
H_TOP105         NewPlane7            -0.000     -0.000      0.061      0.061      0.000
H_TOP106         NewPlane7            -0.000     -0.000      0.052      0.052      0.000
H_TOP107         NewPlane7             0.000      0.000     -0.046     -0.046      0.000
H_TOP108         NewPlane7            -0.000     -0.000      0.019      0.019      0.000
H_TOP109         NewPlane7            -0.000     -0.000      0.005      0.005      0.000
H_TOP110         NewPlane7            -0.000     -0.000      0.117      0.117      0.000
H_TOP111         NewPlane7             0.000      0.000     -0.050     -0.050      0.000
H_TOP112         NewPlane7            -0.000     -0.000      0.051      0.051      0.000
H_TOP113         NewPlane7            -0.000     -0.000      0.034      0.034      0.000
H_TOP114         NewPlane7            -0.000     -0.000      0.067      0.067      0.000
H_TOP115         NewPlane7            -0.000     -0.000      0.065      0.065      0.000
H_TOP116         NewPlane7            -0.000     -0.000      0.132      0.132      0.000
H_TOP117         NewPlane7            -0.000     -0.000      0.188      0.188      0.000
H_TOP118         NewPlane7             0.000      0.000     -0.036     -0.036      0.000
H_TOP119         NewPlane7            -0.000     -0.000      0.013      0.013      0.000
H_TOP120         NewPlane7             0.000      0.000     -0.117     -0.117      0.000
H_TOP121         NewPlane7             0.000      0.000     -0.030     -0.030      0.000
H_TOP122         NewPlane7            -0.000     -0.000      0.044      0.044      0.000
H_TOP123         NewPlane7            -0.000     -0.000      0.014      0.014      0.000
H_TOP124         NewPlane7             0.000      0.000     -0.069     -0.069      0.000
H_TOP125         NewPlane7             0.000      0.000     -0.010     -0.010      0.000
H_TOP126         NewPlane7            -0.000     -0.000      0.003      0.003      0.000
H_TOP127         NewPlane7             0.000      0.000     -0.088     -0.088      0.000
H_TOP128         NewPlane7             0.000      0.000     -0.024     -0.024      0.000
H_TOP129         NewPlane7             0.000      0.000     -0.040     -0.040      0.000
H_TOP130         NewPlane7            -0.000     -0.000      0.006      0.006      0.000
H_TOP131         NewPlane7            -0.000     -0.000      0.009      0.009      0.000
H_TOP132         NewPlane7             0.000      0.000     -0.074     -0.074      0.000
H_TOP133         NewPlane7             0.000      0.000     -0.057     -0.057      0.000
H_TOP134         NewPlane7             0.000      0.000     -0.045     -0.045      0.000
H_TOP135         NewPlane7             0.000      0.000     -0.026     -0.026      0.000
H_TOP136         NewPlane7            -0.000     -0.000      0.016      0.016      0.000
H_TOP137         NewPlane7             0.000      0.000     -0.013     -0.013      0.000
H_TOP138         NewPlane7             0.000      0.000     -0.033     -0.033      0.000
H_TOP139         NewPlane7            -0.000     -0.000      0.063      0.063      0.000
H_TOP140         NewPlane7            -0.000     -0.000      0.044      0.044      0.000
H_TOP141         NewPlane7            -0.000     -0.000      0.060      0.060      0.000
H_TOP142         NewPlane7            -0.000     -0.000      0.067      0.067      0.000
H_TOP143         NewPlane7            -0.000     -0.000      0.146      0.146      0.000
H_TOP144         NewPlane7            -0.000     -0.000      0.005      0.005      0.000
H_TOP145         NewPlane7            -0.000     -0.000      0.008      0.008      0.000
H_TOP146         NewPlane7            -0.000     -0.000      0.050      0.050      0.000
H_TOP147         NewPlane7            -0.000     -0.000      0.043      0.043      0.000
H_TOP148         NewPlane7            -0.000     -0.000      0.086      0.086      0.000
H_TOP149         NewPlane7            -0.000     -0.000      0.049      0.049      0.000
H_TOP150         NewPlane7            -0.000     -0.000      0.008      0.008      0.000
H_TOP151         NewPlane7            -0.000     -0.000      0.038      0.038      0.000
H_TOP152         NewPlane7            -0.000     -0.000      0.036      0.036      0.000
H_TOP153         NewPlane7            -0.000     -0.000      0.069      0.069      0.000
H_TOP154         NewPlane7            -0.000     -0.000      0.003      0.003      0.000
H_TOP155         NewPlane7            -0.000     -0.000      0.038      0.038      0.000
H_TOP156         NewPlane7            -0.000     -0.000      0.041      0.041      0.000
H_TOP157         NewPlane7            -0.000     -0.000      0.039      0.039      0.000
H_TOP158         NewPlane7            -0.000     -0.000      0.065      0.065      0.000
H_TOP159         NewPlane7             0.000      0.000     -0.012     -0.012      0.000
H_TOP160         NewPlane7            -0.000     -0.000      0.063      0.063      0.000
H_TOP161         NewPlane7            -0.000     -0.000      0.000      0.000      0.000
H_TOP162         NewPlane7            -0.000     -0.000      0.071      0.071      0.000
H_TOP163         NewPlane7             0.000      0.000     -0.170     -0.170      0.000
H_TOP164         NewPlane7             0.000      0.000     -0.041     -0.041      0.000
H_TOP165         NewPlane7             0.000      0.000     -0.005     -0.005      0.000
H_TOP166         NewPlane7             0.000      0.000     -0.028     -0.028      0.000
H_TOP167         NewPlane7             0.000      0.000     -0.116     -0.116      0.000
H_TOP168         NewPlane7            -0.000     -0.000      0.032      0.032      0.000
H_TOP169         NewPlane7             0.000      0.000     -0.068     -0.068      0.000
H_TOP170         NewPlane7             0.000      0.000     -0.124     -0.124      0.000
H_TOP171         NewPlane7             0.000      0.000     -0.035     -0.035      0.000
H_TOP172         NewPlane7             0.000      0.000     -0.106     -0.106      0.000
H_TOP173         NewPlane7             0.000      0.000     -0.115     -0.115      0.000
H_TOP174         NewPlane7             0.000      0.000     -0.079     -0.079      0.000
H_TOP175         NewPlane7             0.000      0.000     -0.153     -0.153      0.000
H_TOP176         NewPlane7             0.000      0.000     -0.118     -0.118      0.000
H_TOP1091        NewPlane7             0.000      0.000     -0.130     -0.130      0.000
